1100 0 011 0000 0000
1100 0 100 0000 0000
0100 1 000 0000 0000
1000 0 100 0000 0000
1000 0 011 0000 0000
0100 0 101 0000 0000
1001 1 000 0000 0001
0100 0 101 0000 0000
1111 0 000 0001 0100
1100 0 011 0000 0000
0000 0 000 0000 0000
0000 0 000 0000 0000
0000 0 000 0000 0000
0000 0 000 0000 0000
0000 0 000 0000 0000
0000 0 000 0000 0000
0000 0 000 0000 0000
0000 0 000 0000 0000
0000 0 000 0000 0000
0000 0 000 0000 0000
0100 1 101 0000 0000
0100 0 011 0000 0000
1111 0 000 0000 0010
1100 0 011 0000 0000